# PC control file 0.1 - for Display option



S0=   0,  5,     0,     0,   0,  0  
S1=   5,  5,     0,     0,   0,  90  
S2=  10,  5,     0,     0,  90,  0  
S3=  15,  5,     0,     90,  0,  0  



M1=servo,servo6a,0.55, 0.55, 0.55, 0, 0, 0
M2=handL,hand, 0.4, 0.4, 0.4,0,0,180, 0.9, 0,0
M3=handR,hand, 0.4, 0.4, 0.4,0,0,0, -0.9, 0,0
M4=foot,foot,  0.6, 0.4, 1.0, -90,0,0
M5=body,body3, 0.8,0.8,0.8, 90,-90, 0, 0, -1.8, -2.1
M6=knee,knee2, 0.55,0.55,0.55, 180,160, 180, 0.2, 0.2, -0.66





